epoch: 0
metric:
  bpp: 25.146263122558594
  psnr: 10.464191436767578
  teacher-mse: 0.4887728691101074
