epoch: 0
metric:
  bpp: 93.74169158935547
  psnr: 8.064332962036133
  teacher-mse: 0.5572884678840637
