epoch: 0
metric:
  bpp: 25.19821548461914
  psnr: 10.673295021057129
  teacher-mse: 0.5481038689613342
