epoch: 0
metric:
  bpp: 93.74169158935547
  psnr: 10.901199340820312
  teacher-mse: 0.5125505328178406
