epoch: 0
metric:
  bpp: 93.74169158935547
  psnr: 8.112662315368652
  teacher-mse: 0.468838632106781
