epoch: 0
metric:
  bpp: 25.195100784301758
  psnr: 10.435129165649414
  teacher-mse: 0.4887741804122925
