epoch: 0
metric:
  bpp: 93.74169158935547
  psnr: 8.053038597106934
  teacher-mse: 0.46662962436676025
