epoch: 0
metric:
  bpp: 93.74169158935547
  psnr: 8.074980735778809
  teacher-mse: 0.49087974429130554
