epoch: 0
metric:
  bpp: 25.223081588745117
  psnr: 10.450889587402344
  teacher-mse: 0.4821465313434601
